0.002 0.000 0.000 0.000 0.000 0.000 0.000 0.000 0.605 0.000 0.246 0.000 0.452 0.006 0.664 0.150 0.383 0.066 0.000 
0.100 0.000 0.000 0.000 0.000 0.000 0.000 0.015 0.601 0.000 0.236 0.000 0.578 0.050 0.685 0.316 0.433 0.000 0.000 
0.701 0.000 0.000 0.000 0.000 0.056 0.000 0.210 0.418 0.000 0.305 0.000 0.567 0.188 0.707 0.358 0.483 0.004 0.000 
0.473 0.000 0.000 0.029 0.000 0.000 0.258 0.000 0.591 0.000 0.359 0.000 0.535 0.033 0.630 0.072 0.310 0.034 0.000 
0.756 0.000 0.001 0.000 0.000 0.041 0.000 0.000 0.603 0.083 0.321 0.000 0.590 0.139 0.747 0.381 0.565 0.262 0.000 
0.423 0.000 0.000 0.016 0.000 0.003 0.000 0.003 0.588 0.034 0.360 0.000 0.663 0.102 0.670 0.023 0.352 0.005 0.000 
0.566 0.000 0.081 0.082 0.000 0.209 0.000 0.003 0.640 0.080 0.422 0.000 0.661 0.125 0.678 0.271 0.500 0.387 0.000 
0.293 0.000 0.000 0.014 0.000 0.000 0.085 0.000 0.606 0.085 0.366 0.000 0.672 0.107 0.780 0.453 0.551 0.462 0.000 
0.698 0.000 0.010 0.155 0.198 0.000 0.145 0.294 0.652 0.112 0.371 0.000 0.720 0.108 0.810 0.344 0.532 0.429 0.000 
0.575 0.000 0.004 0.016 0.001 0.078 0.101 0.028 0.616 0.088 0.417 0.000 0.639 0.173 0.777 0.317 0.607 0.399 0.000 
0.774 0.000 0.017 0.113 0.000 0.035 0.485 0.003 0.699 0.035 0.475 0.001 0.749 0.312 0.794 0.190 0.608 0.166 0.000 
0.592 0.000 0.004 0.299 0.000 0.003 0.388 0.003 0.632 0.076 0.403 0.000 0.759 0.346 0.783 0.465 0.570 0.344 0.014 
0.663 0.000 0.000 0.034 0.000 0.119 0.601 0.000 0.576 0.067 0.260 0.004 0.689 0.178 0.765 0.433 0.587 0.428 0.000 
0.680 0.000 0.000 0.054 0.005 0.079 0.021 0.000 0.601 0.083 0.413 0.000 0.742 0.248 0.779 0.511 0.346 0.401 0.012 
0.785 0.000 0.000 0.001 0.000 0.165 0.002 0.000 0.609 0.100 0.353 0.000 0.713 0.376 0.782 0.292 0.614 0.443 0.000 
0.765 0.000 0.136 0.000 0.082 0.088 0.182 0.004 0.403 0.113 0.331 0.000 0.489 0.129 0.490 0.440 0.541 0.470 0.002 
0.833 0.000 0.014 0.146 0.008 0.251 0.063 0.035 0.640 0.083 0.500 0.000 0.747 0.159 0.745 0.513 0.662 0.316 0.000 
0.647 0.000 0.039 0.215 0.000 0.004 0.091 0.002 0.387 0.043 0.434 0.000 0.708 0.266 0.775 0.501 0.656 0.356 0.000 
0.493 0.000 0.000 0.000 0.000 0.000 0.010 0.000 0.264 0.049 0.458 0.000 0.674 0.152 0.787 0.508 0.662 0.445 0.044 
0.817 0.000 0.024 0.004 0.015 0.000 0.322 0.303 0.650 0.126 0.501 0.000 0.717 0.082 0.780 0.388 0.558 0.467 0.009 
0.760 0.000 0.004 0.122 0.000 0.222 0.044 0.298 0.647 0.109 0.363 0.017 0.771 0.358 0.690 0.509 0.265 0.477 0.000 
0.776 0.000 0.001 0.141 0.085 0.000 0.364 0.000 0.682 0.008 0.396 0.000 0.709 0.164 0.796 0.444 0.655 0.425 0.009 
0.400 0.000 0.079 0.042 0.000 0.014 0.056 0.000 0.693 0.116 0.452 0.002 0.595 0.325 0.730 0.458 0.658 0.425 0.001 
0.703 0.000 0.182 0.073 0.000 0.058 0.182 0.041 0.711 0.029 0.514 0.000 0.750 0.215 0.790 0.506 0.650 0.519 0.001 
0.635 0.014 0.045 0.060 0.030 0.101 0.130 0.000 0.679 0.164 0.411 0.007 0.667 0.261 0.681 0.215 0.463 0.416 0.006 
0.830 0.000 0.076 0.054 0.000 0.007 0.165 0.266 0.292 0.089 0.378 0.000 0.698 0.247 0.799 0.317 0.375 0.450 0.003 
0.784 0.000 0.000 0.327 0.003 0.176 0.151 0.000 0.713 0.140 0.444 0.001 0.745 0.305 0.811 0.459 0.683 0.471 0.000 
0.628 0.000 0.027 0.178 0.000 0.240 0.351 0.000 0.718 0.105 0.434 0.000 0.696 0.153 0.822 0.459 0.611 0.344 0.000 
0.858 0.000 0.088 0.122 0.000 0.187 0.067 0.339 0.665 0.103 0.449 0.000 0.756 0.457 0.826 0.504 0.537 0.429 0.056 
0.803 0.000 0.063 0.033 0.133 0.200 0.341 0.352 0.667 0.093 0.473 0.000 0.799 0.403 0.833 0.444 0.633 0.413 0.000 
0.609 0.000 0.000 0.136 0.041 0.102 0.250 0.000 0.697 0.074 0.534 0.000 0.777 0.301 0.763 0.554 0.526 0.472 0.000 
0.783 0.002 0.074 0.039 0.000 0.307 0.363 0.000 0.656 0.091 0.539 0.000 0.812 0.271 0.765 0.413 0.657 0.247 0.000 
0.805 0.005 0.083 0.129 0.014 0.224 0.289 0.047 0.706 0.136 0.435 0.000 0.775 0.345 0.829 0.470 0.691 0.372 0.072 
0.776 0.003 0.041 0.130 0.000 0.294 0.037 0.000 0.350 0.084 0.349 0.000 0.715 0.205 0.807 0.501 0.602 0.564 0.032 
0.870 0.004 0.044 0.166 0.000 0.244 0.336 0.000 0.626 0.084 0.524 0.000 0.771 0.369 0.795 0.482 0.665 0.419 0.073 
0.679 0.004 0.117 0.027 0.001 0.103 0.443 0.000 0.508 0.072 0.509 0.000 0.642 0.119 0.798 0.468 0.682 0.552 0.085 
0.778 0.000 0.005 0.264 0.001 0.336 0.030 0.000 0.687 0.028 0.523 0.000 0.703 0.428 0.747 0.344 0.595 0.148 0.008 
0.813 0.001 0.011 0.143 0.026 0.055 0.036 0.000 0.713 0.055 0.565 0.000 0.612 0.186 0.712 0.413 0.661 0.363 0.115 
0.807 0.007 0.068 0.018 0.002 0.202 0.274 0.000 0.648 0.093 0.385 0.000 0.545 0.374 0.763 0.390 0.597 0.529 0.015 
0.618 0.001 0.047 0.091 0.000 0.174 0.491 0.000 0.661 0.000 0.357 0.000 0.640 0.112 0.768 0.382 0.547 0.504 0.067 
0.858 0.017 0.041 0.322 0.000 0.269 0.051 0.000 0.652 0.105 0.346 0.000 0.783 0.341 0.812 0.352 0.604 0.441 0.122 
0.745 0.000 0.002 0.052 0.000 0.183 0.455 0.000 0.637 0.068 0.286 0.000 0.678 0.132 0.713 0.548 0.428 0.436 0.315 
0.568 0.017 0.074 0.087 0.017 0.242 0.131 0.304 0.594 0.073 0.399 0.000 0.774 0.260 0.791 0.489 0.499 0.425 0.039 
0.836 0.002 0.169 0.104 0.000 0.211 0.452 0.000 0.702 0.065 0.294 0.000 0.704 0.365 0.800 0.367 0.528 0.482 0.189 
0.846 0.016 0.074 0.068 0.000 0.276 0.360 0.000 0.693 0.101 0.487 0.000 0.781 0.414 0.814 0.555 0.406 0.438 0.064 
0.886 0.016 0.140 0.101 0.003 0.229 0.434 0.000 0.707 0.176 0.580 0.000 0.790 0.294 0.793 0.502 0.659 0.428 0.119 
0.825 0.013 0.021 0.030 0.000 0.386 0.129 0.000 0.706 0.077 0.581 0.000 0.772 0.413 0.820 0.491 0.690 0.414 0.112 
0.811 0.026 0.102 0.000 0.000 0.225 0.255 0.000 0.696 0.120 0.541 0.000 0.790 0.376 0.801 0.361 0.594 0.393 0.185 
0.446 0.029 0.059 0.050 0.000 0.259 0.525 0.329 0.716 0.075 0.486 0.000 0.726 0.252 0.759 0.314 0.660 0.436 0.132 
0.745 0.005 0.171 0.000 0.151 0.328 0.368 0.357 0.523 0.068 0.543 0.000 0.702 0.321 0.793 0.558 0.665 0.469 0.020 
0.771 0.053 0.136 0.230 0.000 0.195 0.418 0.000 0.704 0.115 0.568 0.000 0.824 0.392 0.815 0.487 0.694 0.555 0.121 
0.818 0.000 0.232 0.214 0.077 0.370 0.555 0.109 0.659 0.130 0.571 0.000 0.801 0.397 0.816 0.579 0.690 0.430 0.019 
0.780 0.000 0.150 0.278 0.005 0.139 0.155 0.000 0.726 0.078 0.512 0.000 0.835 0.439 0.815 0.358 0.669 0.397 0.144 
0.671 0.011 0.040 0.168 0.044 0.231 0.376 0.005 0.746 0.057 0.557 0.002 0.766 0.289 0.793 0.559 0.633 0.472 0.262 
0.718 0.024 0.008 0.206 0.000 0.388 0.359 0.000 0.662 0.082 0.575 0.004 0.779 0.447 0.806 0.480 0.690 0.455 0.194 
0.476 0.029 0.134 0.015 0.000 0.174 0.152 0.334 0.720 0.073 0.567 0.000 0.714 0.236 0.785 0.516 0.660 0.523 0.241 
0.881 0.000 0.012 0.048 0.252 0.404 0.279 0.000 0.764 0.152 0.558 0.000 0.572 0.400 0.774 0.269 0.647 0.531 0.071 
0.821 0.039 0.077 0.010 0.042 0.161 0.096 0.000 0.737 0.089 0.494 0.002 0.812 0.424 0.827 0.458 0.678 0.507 0.116 
0.769 0.005 0.063 0.090 0.000 0.170 0.351 0.000 0.718 0.060 0.452 0.000 0.675 0.368 0.782 0.554 0.487 0.504 0.124 
0.847 0.022 0.093 0.000 0.140 0.133 0.199 0.001 0.744 0.142 0.563 0.000 0.805 0.387 0.814 0.519 0.580 0.440 0.235 
0.859 0.007 0.203 0.061 0.001 0.194 0.105 0.000 0.722 0.092 0.539 0.000 0.783 0.287 0.780 0.607 0.689 0.546 0.092 
0.667 0.008 0.032 0.022 0.000 0.319 0.501 0.000 0.765 0.130 0.577 0.050 0.749 0.401 0.692 0.596 0.671 0.518 0.188 
0.739 0.029 0.132 0.056 0.019 0.432 0.440 0.000 0.683 0.110 0.553 0.000 0.722 0.301 0.816 0.450 0.670 0.461 0.229 
0.801 0.005 0.088 0.104 0.000 0.319 0.775 0.409 0.781 0.097 0.615 0.000 0.790 0.245 0.821 0.594 0.703 0.446 0.182 
0.714 0.003 0.131 0.349 0.018 0.276 0.513 0.000 0.766 0.164 0.559 0.000 0.646 0.450 0.765 0.290 0.656 0.277 0.054 
0.718 0.000 0.000 0.065 0.001 0.054 0.302 0.000 0.588 0.087 0.549 0.001 0.718 0.241 0.543 0.242 0.664 0.485 0.134 
0.791 0.003 0.106 0.404 0.021 0.366 0.569 0.000 0.767 0.189 0.617 0.000 0.775 0.243 0.835 0.589 0.711 0.562 0.121 
0.874 0.034 0.079 0.046 0.000 0.383 0.289 0.000 0.757 0.099 0.547 0.000 0.777 0.404 0.814 0.424 0.670 0.473 0.091 
0.854 0.001 0.122 0.140 0.041 0.291 0.274 0.000 0.741 0.085 0.593 0.000 0.823 0.262 0.749 0.650 0.681 0.578 0.378 
0.843 0.020 0.121 0.000 0.000 0.391 0.490 0.379 0.682 0.088 0.578 0.006 0.794 0.368 0.788 0.482 0.699 0.395 0.069 
0.845 0.001 0.152 0.490 0.070 0.489 0.528 0.423 0.748 0.216 0.607 0.000 0.578 0.223 0.761 0.585 0.654 0.560 0.114 
0.860 0.002 0.355 0.073 0.032 0.469 0.428 0.396 0.768 0.144 0.601 0.010 0.623 0.233 0.740 0.448 0.619 0.632 0.083 
0.839 0.025 0.136 0.115 0.141 0.195 0.555 0.000 0.797 0.151 0.602 0.000 0.824 0.352 0.780 0.596 0.705 0.453 0.155 
0.891 0.018 0.198 0.368 0.133 0.287 0.560 0.450 0.771 0.155 0.571 0.001 0.828 0.300 0.801 0.536 0.690 0.600 0.394 
0.560 0.017 0.065 0.052 0.047 0.221 0.508 0.000 0.739 0.119 0.577 0.000 0.799 0.331 0.790 0.651 0.650 0.573 0.355 
0.336 0.090 0.052 0.001 0.033 0.380 0.698 0.000 0.754 0.071 0.541 0.000 0.678 0.177 0.749 0.203 0.669 0.483 0.053 
0.804 0.090 0.062 0.174 0.002 0.301 0.359 0.380 0.368 0.062 0.525 0.000 0.783 0.442 0.805 0.602 0.654 0.499 0.315 
0.719 0.023 0.062 0.116 0.126 0.163 0.364 0.000 0.734 0.072 0.584 0.000 0.824 0.374 0.831 0.486 0.697 0.292 0.214 
0.792 0.004 0.131 0.430 0.128 0.400 0.532 0.022 0.704 0.175 0.612 0.000 0.861 0.476 0.821 0.655 0.663 0.572 0.197 
0.862 0.015 0.123 0.422 0.056 0.432 0.639 0.000 0.690 0.093 0.592 0.000 0.831 0.452 0.835 0.583 0.691 0.526 0.177 
0.890 0.008 0.167 0.638 0.016 0.553 0.737 0.482 0.723 0.075 0.625 0.000 0.860 0.505 0.842 0.634 0.705 0.539 0.167 
0.856 0.031 0.235 0.364 0.203 0.565 0.743 0.000 0.491 0.076 0.532 0.000 0.829 0.463 0.847 0.476 0.713 0.511 0.370 
0.691 0.098 0.090 0.359 0.000 0.414 0.369 0.000 0.736 0.120 0.542 0.015 0.793 0.263 0.739 0.287 0.676 0.470 0.164 
0.862 0.010 0.261 0.119 0.071 0.440 0.782 0.000 0.739 0.097 0.576 0.003 0.786 0.429 0.844 0.545 0.703 0.420 0.223 
0.732 0.001 0.237 0.368 0.010 0.389 0.316 0.000 0.768 0.129 0.593 0.000 0.778 0.230 0.736 0.508 0.663 0.379 0.164 
0.912 0.086 0.490 0.121 0.020 0.264 0.427 0.000 0.770 0.142 0.611 0.000 0.754 0.458 0.813 0.536 0.681 0.563 0.302 
0.849 0.032 0.214 0.101 0.000 0.398 0.711 0.413 0.750 0.144 0.557 0.000 0.834 0.296 0.725 0.568 0.693 0.430 0.135 
0.887 0.047 0.127 0.179 0.001 0.213 0.471 0.007 0.699 0.130 0.462 0.000 0.843 0.660 0.838 0.513 0.624 0.524 0.175 
0.878 0.031 0.152 0.118 0.147 0.525 0.498 0.000 0.768 0.170 0.578 0.000 0.752 0.348 0.823 0.291 0.607 0.511 0.132 
0.778 0.033 0.144 0.442 0.010 0.284 0.881 0.442 0.759 0.081 0.551 0.001 0.821 0.540 0.807 0.441 0.623 0.409 0.343 
0.773 0.019 0.034 0.372 0.043 0.057 0.060 0.000 0.773 0.112 0.563 0.001 0.702 0.416 0.757 0.508 0.731 0.537 0.152 
0.828 0.028 0.290 0.186 0.160 0.476 0.683 0.012 0.680 0.099 0.572 0.000 0.818 0.521 0.835 0.646 0.724 0.499 0.314 
0.882 0.023 0.259 0.021 0.088 0.271 0.372 0.000 0.787 0.104 0.606 0.000 0.800 0.316 0.793 0.559 0.707 0.594 0.169 
0.773 0.035 0.190 0.069 0.012 0.565 0.344 0.000 0.781 0.105 0.588 0.000 0.807 0.429 0.857 0.574 0.712 0.514 0.190 
0.782 0.026 0.000 0.451 0.077 0.508 0.596 0.451 0.788 0.179 0.611 0.000 0.819 0.482 0.836 0.591 0.686 0.558 0.127 
0.839 0.024 0.207 0.000 0.131 0.375 0.398 0.000 0.794 0.218 0.606 0.000 0.793 0.213 0.823 0.599 0.678 0.535 0.423 
0.887 0.039 0.344 0.051 0.008 0.571 0.148 0.420 0.790 0.178 0.619 0.000 0.777 0.456 0.772 0.619 0.608 0.482 0.203 
0.772 0.038 0.201 0.041 0.009 0.257 0.057 0.355 0.638 0.071 0.506 0.000 0.748 0.343 0.794 0.596 0.605 0.536 0.177 
0.844 0.046 0.156 0.058 0.011 0.164 0.481 0.000 0.650 0.114 0.602 0.000 0.727 0.528 0.829 0.536 0.671 0.560 0.344 
0.744 0.036 0.210 0.149 0.129 0.605 0.593 0.000 0.759 0.127 0.579 0.000 0.819 0.564 0.850 0.667 0.640 0.562 0.289 
0.864 0.038 0.161 0.293 0.218 0.282 0.532 0.443 0.790 0.099 0.608 0.000 0.803 0.382 0.801 0.582 0.716 0.567 0.233 
0.856 0.051 0.215 0.096 0.080 0.387 0.596 0.445 0.782 0.156 0.591 0.000 0.833 0.453 0.855 0.518 0.683 0.609 0.246 
0.814 0.082 0.318 0.191 0.161 0.367 0.763 0.486 0.693 0.118 0.575 0.000 0.858 0.566 0.845 0.557 0.700 0.647 0.494 
0.872 0.074 0.165 0.156 0.138 0.324 0.126 0.395 0.705 0.100 0.613 0.000 0.808 0.300 0.779 0.618 0.690 0.479 0.161 
0.378 0.030 0.126 0.005 0.012 0.131 0.193 0.345 0.715 0.088 0.470 0.003 0.772 0.460 0.800 0.636 0.670 0.561 0.169 
0.726 0.049 0.216 0.243 0.167 0.253 0.379 0.420 0.797 0.118 0.639 0.032 0.797 0.447 0.812 0.357 0.676 0.545 0.309 
0.801 0.058 0.146 0.014 0.099 0.251 0.350 0.000 0.784 0.135 0.626 0.000 0.848 0.430 0.841 0.604 0.698 0.471 0.182 
0.883 0.073 0.156 0.445 0.206 0.453 0.522 0.000 0.812 0.179 0.695 0.000 0.866 0.223 0.688 0.615 0.727 0.535 0.377 
0.888 0.013 0.250 0.170 0.145 0.279 0.765 0.000 0.800 0.113 0.616 0.000 0.855 0.607 0.844 0.634 0.648 0.594 0.296 
0.821 0.022 0.502 0.498 0.123 0.417 0.660 0.498 0.773 0.140 0.638 0.002 0.857 0.462 0.850 0.460 0.713 0.566 0.468 
0.873 0.082 0.369 0.000 0.105 0.497 0.666 0.019 0.769 0.115 0.645 0.000 0.860 0.457 0.851 0.625 0.730 0.609 0.197 
0.871 0.113 0.225 0.149 0.016 0.661 0.762 0.000 0.672 0.111 0.646 0.000 0.874 0.400 0.794 0.652 0.663 0.561 0.330 
0.812 0.054 0.521 0.345 0.246 0.478 0.710 0.482 0.802 0.112 0.549 0.000 0.844 0.291 0.767 0.521 0.706 0.572 0.353 
0.875 0.009 0.278 0.235 0.169 0.365 0.791 0.000 0.781 0.128 0.623 0.000 0.823 0.519 0.828 0.455 0.651 0.576 0.235 
0.846 0.053 0.084 0.326 0.230 0.412 0.405 0.450 0.793 0.125 0.604 0.002 0.884 0.470 0.824 0.656 0.712 0.563 0.115 
0.710 0.012 0.249 0.018 0.024 0.205 0.567 0.382 0.814 0.156 0.647 0.000 0.415 0.442 0.785 0.537 0.610 0.474 0.210 
0.875 0.168 0.047 0.296 0.119 0.264 0.799 0.443 0.762 0.095 0.516 0.000 0.825 0.400 0.812 0.537 0.731 0.532 0.196 
0.872 0.004 0.138 0.088 0.269 0.487 0.442 0.000 0.806 0.176 0.570 0.001 0.828 0.441 0.857 0.446 0.734 0.637 0.394 
0.896 0.029 0.265 0.425 0.237 0.233 0.284 0.000 0.789 0.119 0.613 0.006 0.834 0.416 0.833 0.554 0.662 0.506 0.368 
0.833 0.006 0.103 0.000 0.109 0.148 0.073 0.000 0.804 0.159 0.613 0.013 0.832 0.385 0.812 0.660 0.693 0.583 0.146 
0.911 0.014 0.158 0.513 0.341 0.369 0.500 0.000 0.799 0.127 0.577 0.007 0.766 0.514 0.812 0.604 0.706 0.591 0.330 
0.911 0.023 0.343 0.000 0.066 0.174 0.680 0.000 0.833 0.259 0.688 0.000 0.870 0.432 0.847 0.718 0.746 0.590 0.194 
0.820 0.044 0.149 0.028 0.076 0.403 0.338 0.000 0.747 0.129 0.622 0.000 0.876 0.311 0.639 0.640 0.699 0.488 0.193 
0.914 0.074 0.376 0.461 0.379 0.184 0.346 0.007 0.834 0.158 0.629 0.048 0.823 0.533 0.834 0.636 0.611 0.478 0.431 
0.812 0.097 0.193 0.237 0.188 0.379 0.397 0.000 0.825 0.107 0.653 0.000 0.847 0.388 0.843 0.549 0.688 0.581 0.352 
0.828 0.098 0.122 0.368 0.250 0.588 0.795 0.486 0.822 0.152 0.635 0.000 0.862 0.437 0.832 0.672 0.701 0.507 0.076 
0.878 0.040 0.283 0.658 0.151 0.439 0.425 0.000 0.777 0.143 0.566 0.001 0.822 0.311 0.770 0.645 0.695 0.467 0.126 
0.846 0.060 0.437 0.290 0.151 0.269 0.613 0.000 0.606 0.087 0.619 0.000 0.850 0.461 0.851 0.735 0.710 0.610 0.250 
0.873 0.214 0.318 0.093 0.152 0.498 0.653 0.494 0.819 0.185 0.670 0.000 0.848 0.456 0.848 0.669 0.720 0.553 0.319 
0.872 0.120 0.351 0.102 0.119 0.730 0.769 0.000 0.772 0.173 0.671 0.000 0.856 0.532 0.868 0.661 0.725 0.646 0.302 
0.854 0.018 0.195 0.093 0.110 0.394 0.750 0.000 0.788 0.137 0.633 0.000 0.721 0.486 0.851 0.692 0.711 0.595 0.195 
0.922 0.173 0.598 0.000 0.085 0.607 0.709 0.000 0.817 0.147 0.628 0.000 0.851 0.393 0.827 0.734 0.730 0.577 0.289 
0.916 0.075 0.298 0.396 0.413 0.555 0.376 0.000 0.821 0.146 0.602 0.000 0.840 0.364 0.822 0.683 0.745 0.553 0.171 
0.901 0.130 0.379 0.162 0.274 0.477 0.464 0.000 0.833 0.161 0.683 0.009 0.867 0.515 0.859 0.703 0.708 0.585 0.272 
0.808 0.101 0.296 0.274 0.181 0.167 0.367 0.448 0.821 0.124 0.672 0.000 0.859 0.413 0.836 0.620 0.729 0.536 0.255 
0.888 0.040 0.229 0.390 0.281 0.460 0.495 0.122 0.821 0.172 0.600 0.005 0.808 0.398 0.824 0.604 0.688 0.623 0.303 
0.782 0.070 0.311 0.176 0.149 0.420 0.560 0.466 0.805 0.146 0.607 0.000 0.876 0.481 0.842 0.692 0.723 0.489 0.260 
0.942 0.100 0.487 0.480 0.286 0.435 0.463 0.000 0.829 0.141 0.605 0.003 0.838 0.448 0.812 0.704 0.721 0.611 0.221 
0.836 0.047 0.177 0.363 0.263 0.364 0.457 0.000 0.817 0.154 0.562 0.004 0.833 0.509 0.825 0.656 0.713 0.636 0.177 
0.903 0.064 0.251 0.143 0.202 0.410 0.392 0.000 0.614 0.088 0.598 0.000 0.723 0.342 0.838 0.529 0.686 0.423 0.314 
0.724 0.049 0.422 0.610 0.111 0.415 0.939 0.000 0.671 0.114 0.618 0.003 0.821 0.364 0.839 0.692 0.710 0.556 0.244 
0.853 0.154 0.451 0.285 0.150 0.477 0.653 0.000 0.813 0.161 0.639 0.000 0.801 0.412 0.841 0.642 0.703 0.673 0.467 
0.818 0.239 0.545 0.481 0.198 0.398 0.429 0.000 0.735 0.103 0.605 0.000 0.875 0.498 0.849 0.655 0.733 0.629 0.393 
0.922 0.138 0.195 0.216 0.089 0.538 0.760 0.000 0.808 0.096 0.620 0.077 0.864 0.429 0.839 0.622 0.726 0.624 0.301 
0.909 0.221 0.461 0.098 0.120 0.567 0.734 0.000 0.795 0.151 0.674 0.021 0.814 0.383 0.838 0.759 0.726 0.627 0.165 
0.908 0.169 0.177 0.083 0.134 0.221 0.284 0.000 0.807 0.186 0.681 0.000 0.854 0.530 0.814 0.598 0.628 0.533 0.340 
0.879 0.043 0.213 0.269 0.186 0.399 0.721 0.000 0.821 0.150 0.643 0.000 0.871 0.486 0.857 0.721 0.717 0.618 0.142 
0.902 0.000 0.423 0.143 0.216 0.532 0.875 0.501 0.665 0.089 0.645 0.000 0.775 0.582 0.853 0.665 0.715 0.601 0.339 
0.922 0.269 0.090 0.239 0.330 0.552 0.652 0.512 0.839 0.182 0.672 0.012 0.879 0.461 0.850 0.690 0.700 0.588 0.288 
0.886 0.054 0.566 0.392 0.211 0.442 0.908 0.000 0.841 0.141 0.666 0.000 0.849 0.480 0.865 0.715 0.725 0.633 0.262 
0.897 0.174 0.174 0.532 0.355 0.387 0.479 0.000 0.844 0.199 0.723 0.003 0.883 0.454 0.851 0.753 0.766 0.556 0.354 
0.888 0.108 0.262 0.481 0.323 0.469 0.847 0.512 0.815 0.185 0.653 0.000 0.823 0.321 0.821 0.700 0.757 0.583 0.174 
0.896 0.013 0.409 0.355 0.348 0.505 0.860 0.000 0.809 0.159 0.665 0.006 0.876 0.528 0.864 0.726 0.736 0.593 0.370 
0.830 0.200 0.202 0.188 0.280 0.537 0.730 0.495 0.828 0.124 0.678 0.035 0.857 0.593 0.857 0.534 0.714 0.517 0.210 
0.932 0.146 0.376 0.508 0.435 0.592 0.822 0.554 0.793 0.213 0.675 0.004 0.886 0.522 0.865 0.751 0.749 0.564 0.132 
0.942 0.101 0.352 0.130 0.039 0.464 0.520 0.482 0.735 0.115 0.634 0.000 0.875 0.538 0.859 0.728 0.712 0.675 0.265 
0.935 0.126 0.394 0.282 0.378 0.480 0.231 0.469 0.845 0.191 0.698 0.000 0.851 0.493 0.867 0.730 0.723 0.646 0.348 
0.810 0.246 0.311 0.253 0.209 0.605 0.804 0.000 0.859 0.186 0.706 0.040 0.863 0.480 0.847 0.693 0.744 0.491 0.145 
0.858 0.201 0.448 0.253 0.283 0.452 0.770 0.531 0.801 0.151 0.620 0.000 0.861 0.568 0.846 0.685 0.697 0.576 0.486 
0.922 0.189 0.361 0.058 0.353 0.469 0.459 0.000 0.807 0.137 0.637 0.005 0.879 0.505 0.830 0.625 0.735 0.560 0.228 
0.889 0.040 0.300 0.236 0.148 0.399 0.586 0.000 0.859 0.146 0.674 0.006 0.863 0.480 0.862 0.689 0.726 0.553 0.241 
0.833 0.307 0.412 0.041 0.114 0.514 0.631 0.029 0.834 0.208 0.687 0.019 0.868 0.474 0.840 0.613 0.735 0.666 0.185 
0.757 0.124 0.486 0.100 0.076 0.520 0.738 0.488 0.829 0.067 0.635 0.000 0.871 0.532 0.868 0.689 0.715 0.507 0.273 
0.872 0.185 0.267 0.421 0.255 0.615 0.631 0.000 0.844 0.200 0.668 0.009 0.871 0.403 0.817 0.693 0.713 0.561 0.181 
0.926 0.362 0.510 0.408 0.216 0.584 0.794 0.562 0.872 0.258 0.694 0.000 0.820 0.507 0.852 0.743 0.739 0.578 0.248 
0.924 0.330 0.395 0.502 0.424 0.785 0.687 0.000 0.795 0.184 0.696 0.001 0.860 0.528 0.855 0.751 0.747 0.555 0.117 
0.925 0.170 0.311 0.008 0.290 0.651 0.736 0.511 0.851 0.141 0.639 0.000 0.882 0.526 0.870 0.684 0.748 0.532 0.228 
0.873 0.339 0.449 0.196 0.421 0.581 0.770 0.547 0.832 0.173 0.659 0.001 0.840 0.419 0.850 0.657 0.729 0.662 0.397 
0.878 0.126 0.197 0.486 0.196 0.491 0.814 0.515 0.824 0.191 0.657 0.001 0.870 0.451 0.855 0.679 0.693 0.622 0.232 
0.891 0.119 0.563 0.089 0.234 0.650 0.572 0.522 0.801 0.174 0.667 0.001 0.855 0.490 0.857 0.725 0.746 0.633 0.330 
0.933 0.070 0.325 0.703 0.440 0.612 0.780 0.577 0.859 0.184 0.696 0.000 0.886 0.482 0.861 0.720 0.757 0.645 0.437 
0.869 0.137 0.307 0.651 0.336 0.270 0.611 0.000 0.832 0.144 0.658 0.042 0.850 0.514 0.859 0.710 0.730 0.588 0.504 
0.879 0.123 0.308 0.411 0.323 0.469 0.362 0.000 0.819 0.184 0.680 0.000 0.810 0.336 0.840 0.692 0.736 0.627 0.105 
0.820 0.174 0.304 0.504 0.263 0.729 0.759 0.000 0.794 0.149 0.680 0.017 0.853 0.521 0.858 0.689 0.742 0.517 0.210 
0.893 0.254 0.484 0.500 0.361 0.766 0.793 0.000 0.849 0.147 0.600 0.000 0.886 0.603 0.871 0.704 0.732 0.656 0.351 
0.896 0.157 0.344 0.760 0.250 0.477 0.444 0.015 0.836 0.185 0.666 0.014 0.875 0.548 0.857 0.686 0.732 0.554 0.466 
0.945 0.521 0.198 0.357 0.541 0.554 0.796 0.569 0.837 0.169 0.674 0.013 0.862 0.624 0.864 0.528 0.730 0.584 0.446 
0.885 0.451 0.351 0.181 0.232 0.454 0.447 0.495 0.590 0.089 0.673 0.016 0.873 0.520 0.853 0.709 0.737 0.627 0.227 
0.861 0.217 0.605 0.258 0.264 0.731 0.939 0.581 0.864 0.156 0.706 0.015 0.877 0.589 0.872 0.727 0.746 0.606 0.423 
0.871 0.245 0.202 0.880 0.316 0.303 0.477 0.000 0.839 0.125 0.646 0.000 0.882 0.521 0.847 0.724 0.752 0.623 0.196 
0.872 0.270 0.442 0.148 0.141 0.569 0.653 0.548 0.864 0.240 0.697 0.001 0.890 0.652 0.874 0.739 0.715 0.594 0.507 
0.903 0.135 0.382 0.253 0.259 0.609 0.839 0.000 0.835 0.182 0.698 0.000 0.878 0.337 0.806 0.731 0.733 0.629 0.403 
0.905 0.121 0.495 0.558 0.345 0.529 0.881 0.000 0.746 0.138 0.651 0.000 0.878 0.472 0.847 0.679 0.694 0.651 0.654 
0.911 0.420 0.406 0.138 0.286 0.593 0.707 0.000 0.829 0.187 0.675 0.001 0.875 0.550 0.865 0.730 0.717 0.626 0.212 
0.921 0.262 0.627 0.329 0.246 0.627 0.794 0.545 0.865 0.175 0.640 0.009 0.820 0.456 0.857 0.703 0.739 0.631 0.104 
0.919 0.280 0.393 0.093 0.248 0.612 0.868 0.543 0.872 0.265 0.696 0.009 0.859 0.321 0.788 0.680 0.730 0.642 0.491 
0.906 0.371 0.287 0.274 0.175 0.546 0.759 0.000 0.829 0.141 0.683 0.000 0.895 0.589 0.868 0.716 0.765 0.596 0.375 
0.920 0.085 0.387 0.241 0.165 0.358 0.862 0.000 0.783 0.186 0.668 0.000 0.890 0.552 0.857 0.705 0.674 0.602 0.333 
0.885 0.197 0.387 0.123 0.271 0.538 0.740 0.525 0.862 0.198 0.676 0.002 0.878 0.468 0.838 0.650 0.731 0.640 0.367 
0.911 0.227 0.253 0.462 0.285 0.566 0.357 0.000 0.756 0.112 0.676 0.037 0.905 0.591 0.857 0.730 0.684 0.659 0.307 
0.923 0.127 0.326 0.431 0.441 0.519 0.859 0.000 0.843 0.238 0.711 0.084 0.881 0.569 0.873 0.672 0.735 0.655 0.311 
0.858 0.383 0.244 0.563 0.373 0.651 0.819 0.000 0.858 0.213 0.704 0.000 0.871 0.515 0.851 0.642 0.736 0.568 0.419 
0.899 0.147 0.275 0.552 0.377 0.450 0.279 0.000 0.779 0.195 0.673 0.000 0.894 0.510 0.856 0.711 0.718 0.648 0.491 
0.878 0.224 0.396 0.410 0.289 0.646 0.727 0.000 0.847 0.169 0.656 0.018 0.904 0.472 0.848 0.715 0.742 0.659 0.498 
0.941 0.373 0.737 0.338 0.470 0.479 0.644 0.000 0.797 0.147 0.667 0.020 0.869 0.568 0.853 0.743 0.690 0.511 0.419 
0.861 0.119 0.356 0.302 0.327 0.402 0.445 0.000 0.846 0.157 0.679 0.000 0.897 0.466 0.840 0.716 0.735 0.621 0.268 
0.889 0.348 0.370 0.131 0.395 0.402 0.444 0.000 0.861 0.168 0.695 0.000 0.878 0.630 0.876 0.692 0.743 0.615 0.366 
0.966 0.360 0.460 0.517 0.547 0.453 0.609 0.000 0.828 0.229 0.711 0.003 0.881 0.505 0.850 0.725 0.733 0.630 0.491 
0.946 0.330 0.569 0.541 0.294 0.618 0.696 0.000 0.837 0.209 0.698 0.034 0.880 0.496 0.861 0.756 0.751 0.556 0.208 
0.945 0.249 0.366 0.404 0.252 0.356 0.792 0.000 0.862 0.220 0.720 0.000 0.907 0.513 0.832 0.712 0.732 0.640 0.327 
0.902 0.239 0.422 0.198 0.370 0.633 0.855 0.562 0.872 0.151 0.706 0.011 0.916 0.607 0.863 0.765 0.675 0.657 0.282 
0.956 0.359 0.604 0.485 0.529 0.668 0.776 0.000 0.837 0.212 0.698 0.003 0.911 0.588 0.882 0.724 0.745 0.633 0.493 
0.879 0.296 0.415 0.346 0.228 0.565 0.848 0.000 0.805 0.196 0.663 0.000 0.865 0.482 0.857 0.727 0.707 0.595 0.315 
0.893 0.288 0.447 0.332 0.178 0.543 0.689 0.000 0.861 0.197 0.671 0.000 0.863 0.513 0.852 0.707 0.742 0.559 0.276 
0.949 0.309 0.535 0.232 0.331 0.693 0.953 0.000 0.841 0.235 0.667 0.000 0.875 0.550 0.880 0.713 0.703 0.583 0.321 
0.942 0.243 0.578 0.202 0.430 0.410 0.828 0.581 0.856 0.295 0.727 0.000 0.904 0.599 0.878 0.735 0.741 0.613 0.475 
0.875 0.322 0.492 0.000 0.281 0.596 0.708 0.000 0.860 0.179 0.695 0.001 0.887 0.443 0.842 0.728 0.730 0.651 0.300 
0.911 0.279 0.440 0.126 0.161 0.609 0.796 0.000 0.777 0.097 0.674 0.004 0.859 0.695 0.873 0.640 0.752 0.592 0.315 
0.935 0.265 0.654 0.069 0.339 0.658 0.808 0.000 0.868 0.146 0.675 0.050 0.895 0.541 0.867 0.746 0.749 0.605 0.237 
0.855 0.258 0.271 0.514 0.121 0.662 0.764 0.000 0.874 0.194 0.697 0.000 0.875 0.490 0.848 0.693 0.708 0.581 0.473 
0.907 0.347 0.727 0.591 0.331 0.796 0.926 0.589 0.841 0.180 0.689 0.026 0.862 0.523 0.866 0.641 0.728 0.542 0.087 
0.859 0.423 0.293 0.740 0.333 0.535 0.842 0.562 0.882 0.224 0.700 0.005 0.861 0.435 0.825 0.680 0.720 0.559 0.200 
0.902 0.042 0.412 0.444 0.332 0.593 0.697 0.000 0.815 0.250 0.709 0.031 0.874 0.596 0.882 0.729 0.776 0.608 0.182 
0.892 0.272 0.411 0.106 0.390 0.626 0.961 0.000 0.822 0.125 0.692 0.018 0.877 0.614 0.881 0.728 0.749 0.595 0.454 
0.916 0.314 0.481 0.464 0.371 0.760 0.940 0.594 0.848 0.179 0.678 0.002 0.891 0.555 0.862 0.716 0.741 0.608 0.360 
0.907 0.328 0.421 0.000 0.337 0.473 0.474 0.000 0.856 0.263 0.724 0.000 0.868 0.570 0.855 0.710 0.697 0.513 0.225 
0.801 0.234 0.294 0.145 0.220 0.573 0.789 0.000 0.878 0.234 0.704 0.000 0.894 0.587 0.855 0.690 0.714 0.528 0.127 
0.958 0.275 0.142 0.327 0.448 0.584 0.866 0.000 0.861 0.207 0.700 0.000 0.892 0.653 0.872 0.685 0.719 0.643 0.341 
0.881 0.360 0.639 0.468 0.286 0.439 0.941 0.103 0.790 0.198 0.665 0.012 0.870 0.560 0.866 0.685 0.744 0.556 0.082 
0.857 0.331 0.343 0.161 0.251 0.646 0.642 0.530 0.858 0.215 0.716 0.000 0.913 0.526 0.841 0.656 0.713 0.549 0.319 
0.925 0.382 0.274 0.516 0.333 0.405 0.630 0.030 0.867 0.159 0.722 0.017 0.886 0.567 0.868 0.763 0.747 0.576 0.133 
0.902 0.393 0.190 0.237 0.217 0.562 0.808 0.000 0.862 0.186 0.711 0.000 0.827 0.465 0.845 0.743 0.737 0.415 0.100 
0.923 0.310 0.344 0.541 0.471 0.555 0.822 0.000 0.827 0.188 0.698 0.002 0.879 0.504 0.862 0.761 0.755 0.543 0.299 
0.904 0.399 0.649 0.098 0.043 0.613 0.764 0.000 0.853 0.213 0.721 0.001 0.885 0.525 0.857 0.757 0.735 0.614 0.614 
0.885 0.399 0.565 0.536 0.333 0.576 0.705 0.000 0.886 0.293 0.739 0.015 0.852 0.582 0.867 0.719 0.746 0.638 0.289 
0.893 0.386 0.375 0.068 0.262 0.490 0.728 0.000 0.880 0.223 0.682 0.083 0.892 0.579 0.876 0.753 0.771 0.536 0.385 
0.887 0.432 0.238 0.255 0.305 0.621 0.657 0.000 0.868 0.236 0.720 0.061 0.900 0.530 0.863 0.622 0.753 0.542 0.340 
0.903 0.363 0.439 0.067 0.329 0.560 0.794 0.551 0.845 0.307 0.698 0.018 0.868 0.419 0.850 0.736 0.743 0.625 0.349 
0.934 0.214 0.414 0.479 0.271 0.485 0.708 0.000 0.884 0.249 0.741 0.006 0.866 0.484 0.854 0.695 0.758 0.595 0.219 
0.884 0.183 0.318 0.485 0.339 0.755 0.760 0.000 0.873 0.229 0.721 0.004 0.909 0.627 0.882 0.747 0.736 0.632 0.278 
0.897 0.297 0.673 0.341 0.262 0.545 0.692 0.000 0.806 0.227 0.678 0.036 0.884 0.551 0.869 0.704 0.720 0.609 0.151 
0.909 0.442 0.369 0.614 0.387 0.472 0.847 0.000 0.889 0.180 0.742 0.030 0.892 0.530 0.875 0.711 0.746 0.646 0.251 
0.912 0.402 0.620 0.580 0.313 0.538 0.957 0.000 0.856 0.236 0.735 0.079 0.879 0.549 0.876 0.747 0.765 0.604 0.490 
0.909 0.390 0.297 0.714 0.474 0.591 0.879 0.000 0.838 0.218 0.697 0.000 0.902 0.497 0.848 0.722 0.746 0.665 0.466 
0.881 0.253 0.346 0.358 0.294 0.522 0.784 0.000 0.850 0.214 0.708 0.003 0.871 0.438 0.863 0.741 0.751 0.612 0.122 
0.914 0.356 0.637 0.319 0.234 0.536 0.830 0.571 0.872 0.182 0.745 0.007 0.906 0.561 0.866 0.700 0.746 0.591 0.285 
0.897 0.177 0.332 0.157 0.410 0.804 0.820 0.000 0.865 0.230 0.728 0.007 0.872 0.535 0.856 0.676 0.721 0.551 0.478 
0.953 0.407 0.617 0.323 0.214 0.490 0.592 0.000 0.838 0.235 0.708 0.011 0.871 0.503 0.867 0.700 0.726 0.621 0.483 
0.952 0.505 0.542 0.185 0.399 0.580 0.492 0.000 0.870 0.231 0.738 0.000 0.909 0.647 0.887 0.729 0.766 0.640 0.189 
0.869 0.367 0.512 0.259 0.350 0.553 0.903 0.000 0.869 0.271 0.713 0.003 0.899 0.589 0.875 0.690 0.744 0.572 0.220 
0.905 0.368 0.649 0.591 0.450 0.514 0.865 0.591 0.860 0.203 0.732 0.009 0.884 0.542 0.868 0.750 0.739 0.569 0.142 
0.923 0.330 0.515 0.456 0.502 0.611 0.916 0.000 0.867 0.217 0.722 0.040 0.909 0.599 0.876 0.764 0.748 0.614 0.296 
0.971 0.391 0.583 0.453 0.541 0.678 0.838 0.000 0.850 0.278 0.723 0.006 0.917 0.590 0.876 0.737 0.765 0.641 0.425 
0.915 0.406 0.419 0.603 0.163 0.542 0.727 0.558 0.837 0.217 0.706 0.000 0.900 0.526 0.863 0.725 0.708 0.658 0.119 
0.919 0.378 0.253 0.328 0.308 0.544 0.750 0.000 0.879 0.218 0.728 0.000 0.880 0.543 0.874 0.647 0.771 0.634 0.386 
0.910 0.185 0.509 0.529 0.314 0.645 0.715 0.000 0.878 0.226 0.721 0.029 0.900 0.534 0.879 0.739 0.747 0.674 0.403 
0.852 0.363 0.430 0.222 0.169 0.454 0.739 0.000 0.825 0.156 0.695 0.013 0.898 0.525 0.856 0.708 0.739 0.593 0.131 
0.935 0.274 0.556 0.656 0.291 0.817 0.974 0.000 0.877 0.231 0.736 0.007 0.905 0.522 0.874 0.713 0.742 0.538 0.303 
0.936 0.309 0.597 0.627 0.493 0.595 0.698 0.613 0.885 0.262 0.735 0.012 0.909 0.530 0.873 0.708 0.760 0.662 0.438 
0.956 0.369 0.601 0.140 0.498 0.414 0.763 0.000 0.890 0.281 0.725 0.041 0.885 0.579 0.882 0.777 0.751 0.546 0.348 
0.951 0.535 0.572 0.565 0.466 0.737 0.881 0.000 0.877 0.261 0.753 0.000 0.886 0.542 0.880 0.714 0.783 0.592 0.167 
0.942 0.287 0.470 0.224 0.331 0.696 0.943 0.000 0.889 0.249 0.741 0.000 0.889 0.447 0.862 0.669 0.776 0.641 0.383 
0.938 0.369 0.432 0.448 0.240 0.628 0.883 0.584 0.866 0.240 0.751 0.023 0.848 0.548 0.873 0.764 0.758 0.608 0.298 
0.943 0.420 0.518 0.311 0.472 0.546 0.726 0.000 0.871 0.310 0.714 0.026 0.892 0.605 0.866 0.724 0.719 0.592 0.276 
0.961 0.312 0.369 0.566 0.582 0.410 0.747 0.000 0.834 0.275 0.695 0.001 0.881 0.547 0.868 0.745 0.726 0.652 0.263 
0.960 0.458 0.601 0.553 0.534 0.732 0.837 0.602 0.867 0.171 0.706 0.000 0.905 0.406 0.826 0.742 0.712 0.638 0.182 
0.897 0.453 0.458 0.136 0.305 0.679 0.916 0.000 0.856 0.274 0.722 0.001 0.899 0.526 0.874 0.755 0.752 0.595 0.187 
0.960 0.344 0.458 0.210 0.430 0.544 0.862 0.652 0.873 0.268 0.731 0.035 0.894 0.544 0.862 0.724 0.740 0.660 0.326 
0.940 0.415 0.512 0.635 0.534 0.559 0.704 0.000 0.888 0.261 0.717 0.001 0.877 0.580 0.884 0.712 0.742 0.636 0.358 
0.952 0.382 0.531 0.363 0.503 0.599 0.786 0.000 0.863 0.291 0.709 0.049 0.877 0.458 0.845 0.698 0.751 0.652 0.331 
0.936 0.405 0.446 0.369 0.408 0.632 0.868 0.000 0.864 0.260 0.705 0.000 0.890 0.519 0.868 0.750 0.752 0.596 0.273 
0.947 0.371 0.596 0.287 0.338 0.738 0.936 0.000 0.858 0.222 0.717 0.046 0.880 0.541 0.879 0.739 0.753 0.607 0.255 
0.958 0.266 0.333 0.392 0.414 0.704 0.851 0.587 0.854 0.283 0.709 0.044 0.888 0.541 0.867 0.714 0.736 0.650 0.356 
0.914 0.408 0.527 0.467 0.240 0.786 0.647 0.000 0.883 0.233 0.759 0.009 0.889 0.600 0.870 0.724 0.732 0.627 0.181 
0.918 0.231 0.486 0.507 0.383 0.721 0.976 0.000 0.884 0.251 0.734 0.043 0.842 0.440 0.844 0.740 0.735 0.569 0.297 
0.959 0.394 0.529 0.572 0.436 0.691 0.856 0.609 0.888 0.205 0.693 0.018 0.890 0.521 0.844 0.701 0.684 0.600 0.486 
0.927 0.495 0.551 0.566 0.247 0.581 0.985 0.000 0.865 0.182 0.709 0.118 0.908 0.475 0.841 0.656 0.742 0.539 0.371 
0.951 0.406 0.275 0.413 0.432 0.643 0.827 0.577 0.895 0.181 0.707 0.076 0.900 0.669 0.876 0.789 0.757 0.515 0.077 
0.950 0.394 0.715 0.133 0.373 0.670 0.904 0.000 0.839 0.278 0.707 0.015 0.894 0.586 0.879 0.761 0.738 0.644 0.255 
0.931 0.479 0.604 0.282 0.404 0.573 0.887 0.000 0.868 0.277 0.736 0.132 0.917 0.642 0.863 0.763 0.686 0.618 0.285 
0.924 0.497 0.678 0.326 0.439 0.675 0.888 0.000 0.902 0.205 0.735 0.063 0.891 0.541 0.869 0.724 0.758 0.608 0.116 
0.940 0.560 0.565 0.522 0.342 0.664 0.957 0.000 0.874 0.207 0.731 0.053 0.875 0.497 0.856 0.727 0.723 0.552 0.248 
0.970 0.313 0.414 0.008 0.386 0.617 0.785 0.000 0.891 0.293 0.748 0.032 0.910 0.564 0.863 0.730 0.734 0.675 0.407 
0.953 0.550 0.590 0.000 0.437 0.567 0.870 0.000 0.891 0.266 0.709 0.007 0.879 0.461 0.828 0.749 0.685 0.640 0.064 
0.876 0.502 0.512 0.709 0.268 0.738 0.912 0.000 0.845 0.227 0.712 0.000 0.909 0.548 0.873 0.722 0.754 0.593 0.142 
0.892 0.357 0.581 0.900 0.279 0.671 0.831 0.000 0.900 0.278 0.753 0.015 0.900 0.504 0.869 0.705 0.754 0.657 0.519 
0.953 0.322 0.672 0.507 0.546 0.778 0.792 0.622 0.890 0.229 0.744 0.067 0.905 0.543 0.876 0.704 0.769 0.577 0.330 
0.933 0.468 0.541 0.326 0.410 0.668 0.658 0.000 0.866 0.245 0.721 0.001 0.900 0.534 0.864 0.641 0.749 0.559 0.489 
0.944 0.495 0.679 0.671 0.457 0.714 0.858 0.641 0.876 0.252 0.737 0.023 0.888 0.515 0.886 0.728 0.767 0.607 0.442 
0.921 0.550 0.749 0.273 0.418 0.515 0.921 0.000 0.899 0.248 0.751 0.000 0.894 0.530 0.861 0.696 0.750 0.558 0.254 
0.967 0.295 0.605 0.595 0.492 0.560 0.840 0.000 0.886 0.186 0.744 0.043 0.880 0.523 0.871 0.766 0.753 0.583 0.387 
0.915 0.335 0.609 0.558 0.444 0.540 0.654 0.000 0.890 0.275 0.725 0.001 0.874 0.556 0.851 0.747 0.663 0.567 0.194 
0.933 0.406 0.449 0.160 0.393 0.499 0.715 0.000 0.896 0.234 0.738 0.006 0.910 0.495 0.858 0.738 0.745 0.492 0.538 
0.961 0.363 0.356 0.796 0.338 0.746 0.905 0.000 0.855 0.224 0.729 0.022 0.899 0.526 0.868 0.700 0.761 0.610 0.369 
0.959 0.261 0.551 0.546 0.640 0.656 0.910 0.000 0.872 0.256 0.706 0.019 0.901 0.613 0.854 0.755 0.696 0.619 0.362 
0.948 0.458 0.574 0.747 0.444 0.718 0.872 0.000 0.877 0.267 0.730 0.006 0.902 0.547 0.869 0.717 0.732 0.566 0.253 
0.929 0.464 0.594 0.815 0.358 0.693 0.936 0.000 0.849 0.228 0.713 0.104 0.907 0.558 0.871 0.742 0.752 0.644 0.167 
0.950 0.363 0.618 0.497 0.578 0.700 0.872 0.000 0.865 0.260 0.731 0.001 0.911 0.563 0.852 0.740 0.692 0.536 0.270 
0.940 0.323 0.598 0.590 0.248 0.728 0.912 0.596 0.878 0.200 0.733 0.002 0.896 0.501 0.840 0.713 0.721 0.542 0.356 
0.970 0.424 0.513 0.809 0.631 0.631 0.859 0.000 0.842 0.264 0.713 0.030 0.865 0.568 0.876 0.753 0.751 0.612 0.326 
0.919 0.436 0.389 0.243 0.459 0.736 0.886 0.608 0.874 0.279 0.729 0.110 0.909 0.533 0.871 0.763 0.758 0.589 0.467 
0.959 0.242 0.525 0.758 0.607 0.731 0.900 0.000 0.859 0.221 0.735 0.031 0.919 0.560 0.866 0.691 0.769 0.609 0.273 
0.954 0.347 0.316 0.255 0.512 0.756 0.550 0.583 0.874 0.273 0.731 0.000 0.912 0.583 0.876 0.745 0.765 0.619 0.429 
0.953 0.485 0.700 0.435 0.487 0.754 0.910 0.000 0.883 0.263 0.735 0.109 0.882 0.566 0.865 0.760 0.726 0.603 0.178 
0.909 0.177 0.640 0.642 0.243 0.476 0.694 0.000 0.876 0.200 0.712 0.013 0.887 0.572 0.868 0.748 0.715 0.597 0.121 
0.928 0.335 0.586 0.340 0.298 0.619 0.748 0.000 0.889 0.250 0.701 0.000 0.872 0.475 0.856 0.727 0.746 0.599 0.172 
0.952 0.525 0.616 0.436 0.564 0.671 0.972 0.643 0.879 0.306 0.723 0.001 0.900 0.607 0.873 0.734 0.735 0.611 0.459 
0.957 0.353 0.526 0.436 0.496 0.755 0.829 0.000 0.853 0.280 0.743 0.017 0.890 0.526 0.869 0.776 0.756 0.640 0.285 
0.951 0.418 0.630 0.452 0.400 0.624 0.831 0.000 0.876 0.272 0.714 0.000 0.878 0.526 0.876 0.758 0.744 0.634 0.173 
0.950 0.346 0.498 0.425 0.264 0.563 0.653 0.569 0.898 0.313 0.747 0.000 0.886 0.595 0.871 0.719 0.738 0.577 0.202 
0.959 0.445 0.770 0.504 0.542 0.693 0.750 0.627 0.887 0.315 0.737 0.020 0.909 0.647 0.876 0.696 0.751 0.616 0.164 
0.949 0.488 0.316 0.549 0.568 0.707 0.760 0.000 0.872 0.294 0.760 0.000 0.893 0.482 0.861 0.744 0.783 0.562 0.307 
0.942 0.373 0.680 0.607 0.502 0.804 0.835 0.000 0.889 0.270 0.741 0.010 0.902 0.549 0.879 0.763 0.751 0.610 0.416 
0.938 0.262 0.555 0.344 0.452 0.739 0.931 0.000 0.850 0.225 0.712 0.000 0.911 0.554 0.881 0.719 0.761 0.594 0.412 
0.945 0.383 0.687 0.447 0.399 0.643 0.766 0.000 0.870 0.305 0.734 0.072 0.885 0.504 0.877 0.706 0.766 0.609 0.448 
0.917 0.206 0.575 0.345 0.401 0.721 0.954 0.000 0.883 0.270 0.755 0.002 0.909 0.622 0.877 0.706 0.753 0.615 0.378 
0.928 0.270 0.578 0.055 0.407 0.687 0.883 0.000 0.907 0.343 0.765 0.000 0.904 0.515 0.862 0.742 0.739 0.594 0.418 
0.946 0.417 0.740 0.525 0.475 0.782 0.934 0.000 0.845 0.248 0.745 0.000 0.891 0.553 0.874 0.717 0.752 0.585 0.304 
0.930 0.435 0.381 0.659 0.438 0.689 0.940 0.000 0.901 0.184 0.770 0.001 0.921 0.486 0.854 0.727 0.761 0.565 0.383 
0.927 0.340 0.746 0.325 0.364 0.702 0.945 0.000 0.886 0.287 0.763 0.051 0.904 0.599 0.876 0.698 0.750 0.619 0.336 
0.942 0.340 0.571 0.337 0.384 0.641 0.741 0.000 0.885 0.232 0.723 0.010 0.903 0.536 0.861 0.783 0.729 0.650 0.321 
0.971 0.242 0.366 0.072 0.497 0.665 0.761 0.000 0.873 0.254 0.729 0.000 0.896 0.518 0.865 0.724 0.735 0.607 0.617 
0.952 0.532 0.475 0.455 0.620 0.724 0.851 0.000 0.881 0.294 0.747 0.039 0.902 0.542 0.872 0.711 0.730 0.596 0.491 
0.967 0.440 0.634 0.460 0.578 0.569 0.712 0.000 0.895 0.347 0.745 0.017 0.907 0.541 0.873 0.735 0.751 0.567 0.351 
0.959 0.552 0.600 0.502 0.612 0.777 0.949 0.000 0.820 0.271 0.699 0.109 0.909 0.518 0.864 0.760 0.753 0.615 0.361 
0.928 0.205 0.474 0.070 0.391 0.643 0.972 0.000 0.896 0.225 0.731 0.056 0.896 0.633 0.877 0.791 0.733 0.648 0.210 
0.933 0.390 0.473 0.001 0.406 0.694 0.845 0.000 0.894 0.327 0.752 0.126 0.917 0.582 0.882 0.731 0.774 0.623 0.209 
0.933 0.429 0.587 0.570 0.354 0.768 0.867 0.629 0.867 0.287 0.750 0.057 0.909 0.469 0.857 0.785 0.777 0.528 0.533 
0.945 0.411 0.656 0.613 0.439 0.786 0.861 0.000 0.877 0.342 0.731 0.112 0.886 0.593 0.872 0.751 0.745 0.597 0.283 
0.945 0.423 0.555 0.215 0.359 0.739 0.771 0.000 0.897 0.276 0.747 0.007 0.906 0.540 0.862 0.744 0.763 0.598 0.151 
0.939 0.454 0.654 0.689 0.416 0.761 0.973 0.000 0.899 0.286 0.752 0.075 0.905 0.567 0.879 0.772 0.754 0.679 0.359 
0.958 0.472 0.760 0.000 0.535 0.752 0.907 0.000 0.868 0.230 0.740 0.058 0.893 0.475 0.864 0.764 0.750 0.670 0.470 
0.948 0.358 0.582 0.433 0.557 0.687 0.908 0.000 0.862 0.264 0.742 0.246 0.906 0.576 0.857 0.739 0.719 0.623 0.341 
0.956 0.463 0.715 0.466 0.552 0.692 0.850 0.000 0.891 0.241 0.761 0.056 0.893 0.387 0.837 0.771 0.770 0.644 0.258 
0.942 0.288 0.606 0.481 0.472 0.551 0.971 0.000 0.893 0.272 0.758 0.037 0.932 0.618 0.886 0.782 0.775 0.630 0.303 
0.933 0.336 0.464 0.408 0.492 0.677 0.848 0.000 0.904 0.285 0.760 0.000 0.897 0.616 0.878 0.716 0.749 0.677 0.163 
0.946 0.422 0.543 0.491 0.472 0.716 0.844 0.000 0.892 0.278 0.726 0.000 0.880 0.511 0.863 0.726 0.708 0.632 0.438 
0.879 0.415 0.613 0.408 0.269 0.524 0.822 0.576 0.859 0.199 0.732 0.004 0.890 0.547 0.867 0.768 0.755 0.615 0.210 
0.948 0.386 0.650 0.000 0.532 0.716 0.897 0.000 0.893 0.324 0.752 0.013 0.919 0.526 0.875 0.752 0.779 0.682 0.218 
0.955 0.523 0.652 0.597 0.555 0.626 0.955 0.000 0.907 0.269 0.766 0.047 0.893 0.590 0.889 0.756 0.762 0.668 0.296 
0.923 0.461 0.513 0.471 0.423 0.490 0.708 0.000 0.854 0.262 0.719 0.040 0.905 0.660 0.874 0.720 0.736 0.645 0.226 
0.951 0.410 0.535 0.251 0.430 0.593 0.769 0.000 0.886 0.274 0.740 0.000 0.912 0.632 0.885 0.730 0.758 0.590 0.163 
0.952 0.463 0.603 0.735 0.478 0.484 0.866 0.628 0.896 0.281 0.749 0.002 0.919 0.609 0.874 0.707 0.743 0.660 0.280 
0.948 0.222 0.453 0.523 0.440 0.788 0.689 0.601 0.884 0.269 0.747 0.040 0.906 0.531 0.874 0.733 0.767 0.622 0.386 
0.965 0.364 0.464 0.726 0.652 0.606 0.822 0.000 0.890 0.314 0.769 0.003 0.883 0.540 0.850 0.715 0.710 0.676 0.219 
0.874 0.239 0.397 0.560 0.132 0.828 0.863 0.000 0.899 0.307 0.737 0.048 0.915 0.618 0.881 0.723 0.730 0.585 0.311 
0.942 0.389 0.548 0.575 0.522 0.690 0.645 0.000 0.886 0.222 0.742 0.024 0.911 0.528 0.871 0.753 0.755 0.574 0.440 
0.952 0.312 0.562 0.479 0.444 0.636 0.697 0.000 0.884 0.230 0.733 0.001 0.888 0.457 0.866 0.748 0.751 0.685 0.482 
0.953 0.393 0.670 0.175 0.648 0.629 0.788 0.619 0.899 0.316 0.774 0.008 0.903 0.587 0.874 0.741 0.719 0.646 0.426 
0.965 0.500 0.686 0.594 0.564 0.763 0.812 0.000 0.902 0.288 0.743 0.030 0.889 0.557 0.865 0.713 0.764 0.530 0.130 
0.973 0.471 0.422 0.701 0.742 0.589 0.836 0.000 0.893 0.263 0.748 0.085 0.907 0.639 0.872 0.738 0.732 0.627 0.437 
0.959 0.463 0.499 0.397 0.453 0.700 0.873 0.628 0.895 0.273 0.749 0.108 0.920 0.576 0.872 0.816 0.737 0.669 0.351 
0.961 0.576 0.707 0.683 0.565 0.761 0.832 0.000 0.888 0.294 0.761 0.069 0.907 0.596 0.876 0.769 0.742 0.554 0.293 
0.938 0.396 0.562 0.675 0.425 0.582 0.894 0.612 0.873 0.222 0.719 0.016 0.901 0.606 0.883 0.740 0.744 0.609 0.234 
0.956 0.332 0.623 0.002 0.688 0.706 0.969 0.000 0.892 0.243 0.752 0.000 0.908 0.548 0.868 0.749 0.720 0.693 0.633 
0.924 0.562 0.779 0.256 0.471 0.590 0.815 0.000 0.880 0.294 0.740 0.001 0.899 0.500 0.858 0.716 0.765 0.625 0.430 
0.956 0.348 0.371 0.367 0.432 0.635 0.929 0.000 0.905 0.253 0.751 0.000 0.901 0.541 0.870 0.722 0.743 0.648 0.221 
0.943 0.461 0.580 0.295 0.481 0.589 0.877 0.000 0.890 0.341 0.751 0.002 0.909 0.600 0.887 0.773 0.757 0.648 0.207 
0.954 0.565 0.500 0.588 0.613 0.587 0.734 0.000 0.885 0.296 0.748 0.045 0.906 0.499 0.868 0.690 0.766 0.579 0.351 
0.960 0.562 0.642 0.630 0.645 0.590 0.638 0.000 0.874 0.291 0.746 0.019 0.914 0.598 0.886 0.746 0.784 0.593 0.485 
0.955 0.635 0.496 0.107 0.334 0.691 0.798 0.077 0.850 0.247 0.716 0.057 0.923 0.562 0.873 0.742 0.724 0.599 0.276 
0.953 0.324 0.551 0.506 0.316 0.694 0.876 0.000 0.891 0.256 0.735 0.045 0.898 0.569 0.877 0.809 0.759 0.623 0.429 
0.960 0.503 0.672 0.659 0.628 0.723 0.978 0.000 0.883 0.289 0.748 0.043 0.903 0.542 0.878 0.756 0.755 0.671 0.314 
0.958 0.370 0.512 0.702 0.647 0.781 0.889 0.000 0.894 0.279 0.759 0.022 0.905 0.538 0.863 0.771 0.742 0.607 0.249 
0.966 0.297 0.615 0.629 0.597 0.516 0.786 0.000 0.890 0.296 0.729 0.004 0.923 0.649 0.890 0.775 0.764 0.621 0.386 
0.958 0.420 0.735 0.289 0.644 0.693 0.891 0.000 0.869 0.279 0.748 0.124 0.910 0.549 0.870 0.719 0.757 0.608 0.577 
0.947 0.448 0.775 0.325 0.464 0.556 0.848 0.000 0.874 0.270 0.736 0.000 0.903 0.571 0.874 0.734 0.745 0.593 0.237 
0.945 0.493 0.535 0.415 0.424 0.664 0.901 0.000 0.888 0.279 0.743 0.052 0.891 0.553 0.867 0.736 0.738 0.550 0.240 
0.878 0.420 0.455 0.538 0.248 0.607 0.382 0.000 0.882 0.242 0.757 0.040 0.889 0.541 0.868 0.782 0.739 0.600 0.443 
0.962 0.361 0.699 0.366 0.472 0.760 0.958 0.000 0.906 0.287 0.769 0.059 0.910 0.582 0.879 0.788 0.771 0.664 0.462 
0.967 0.468 0.612 0.619 0.692 0.704 0.922 0.000 0.890 0.316 0.751 0.039 0.911 0.505 0.874 0.786 0.774 0.633 0.421 
0.932 0.464 0.654 0.321 0.286 0.701 0.911 0.000 0.891 0.281 0.752 0.000 0.913 0.583 0.878 0.813 0.755 0.648 0.396 
0.949 0.329 0.539 0.594 0.560 0.590 0.952 0.000 0.895 0.295 0.740 0.030 0.911 0.595 0.868 0.707 0.724 0.580 0.323 
0.953 0.378 0.598 0.302 0.663 0.707 0.865 0.000 0.890 0.270 0.755 0.008 0.897 0.548 0.862 0.717 0.741 0.654 0.403 
0.970 0.374 0.603 0.652 0.590 0.593 0.730 0.000 0.899 0.236 0.734 0.019 0.896 0.547 0.873 0.733 0.756 0.607 0.420 
0.948 0.335 0.640 0.471 0.526 0.681 0.948 0.643 0.880 0.274 0.764 0.032 0.912 0.605 0.878 0.807 0.749 0.672 0.447 
0.958 0.457 0.644 0.628 0.591 0.823 0.929 0.000 0.897 0.224 0.751 0.000 0.890 0.575 0.865 0.754 0.745 0.682 0.517 
0.952 0.407 0.640 0.411 0.514 0.584 0.814 0.000 0.887 0.334 0.750 0.000 0.912 0.632 0.870 0.749 0.736 0.652 0.515 
0.915 0.385 0.501 0.516 0.382 0.796 0.867 0.000 0.908 0.278 0.749 0.004 0.914 0.598 0.870 0.692 0.750 0.599 0.413 
0.937 0.563 0.666 0.582 0.298 0.721 0.925 0.000 0.899 0.244 0.748 0.000 0.925 0.596 0.882 0.783 0.729 0.618 0.377 
0.957 0.377 0.821 0.490 0.543 0.763 0.884 0.000 0.883 0.238 0.736 0.080 0.911 0.650 0.892 0.704 0.763 0.623 0.267 
0.941 0.395 0.459 0.667 0.345 0.767 0.698 0.000 0.891 0.274 0.751 0.069 0.907 0.494 0.857 0.732 0.746 0.642 0.218 
0.953 0.394 0.538 0.623 0.340 0.712 0.823 0.635 0.896 0.302 0.764 0.004 0.912 0.593 0.874 0.749 0.754 0.677 0.524 
0.948 0.492 0.661 0.630 0.529 0.714 0.839 0.000 0.895 0.267 0.768 0.017 0.926 0.617 0.870 0.785 0.739 0.612 0.320 
0.919 0.378 0.608 0.041 0.265 0.792 0.904 0.590 0.880 0.336 0.747 0.042 0.912 0.532 0.880 0.768 0.776 0.628 0.206 
0.960 0.443 0.530 0.320 0.535 0.737 0.849 0.000 0.898 0.251 0.751 0.007 0.911 0.558 0.869 0.721 0.732 0.537 0.380 
0.943 0.419 0.446 0.380 0.589 0.589 0.807 0.000 0.901 0.293 0.751 0.000 0.913 0.618 0.872 0.698 0.740 0.654 0.325 
0.921 0.414 0.438 0.655 0.262 0.557 0.746 0.000 0.886 0.247 0.748 0.012 0.911 0.572 0.876 0.749 0.770 0.598 0.453 
0.922 0.472 0.527 0.302 0.407 0.724 0.847 0.000 0.890 0.308 0.749 0.003 0.889 0.612 0.880 0.705 0.767 0.579 0.531 
0.931 0.432 0.828 0.180 0.463 0.709 0.923 0.000 0.885 0.422 0.763 0.000 0.922 0.511 0.862 0.812 0.778 0.539 0.537 
0.892 0.383 0.687 0.485 0.347 0.647 0.793 0.613 0.894 0.248 0.757 0.087 0.920 0.614 0.879 0.696 0.758 0.540 0.414 
0.961 0.506 0.487 0.588 0.460 0.573 0.833 0.000 0.898 0.292 0.761 0.058 0.904 0.594 0.872 0.763 0.737 0.703 0.187 
0.953 0.343 0.604 0.600 0.614 0.766 0.842 0.000 0.872 0.277 0.743 0.035 0.919 0.630 0.876 0.709 0.767 0.634 0.220 
0.954 0.407 0.603 0.280 0.475 0.633 0.820 0.000 0.891 0.233 0.748 0.000 0.909 0.606 0.888 0.812 0.768 0.602 0.218 
0.929 0.410 0.698 0.434 0.389 0.817 0.918 0.000 0.882 0.339 0.746 0.006 0.915 0.592 0.865 0.745 0.739 0.568 0.228 
0.961 0.410 0.635 0.399 0.635 0.748 0.770 0.000 0.887 0.356 0.760 0.032 0.917 0.581 0.873 0.776 0.746 0.679 0.371 
0.934 0.504 0.424 0.527 0.460 0.588 0.779 0.000 0.883 0.251 0.747 0.008 0.922 0.622 0.872 0.721 0.745 0.602 0.259 
0.955 0.543 0.286 0.507 0.661 0.798 0.225 0.014 0.900 0.316 0.766 0.155 0.915 0.614 0.884 0.728 0.762 0.642 0.273 
0.938 0.511 0.528 0.677 0.478 0.669 0.868 0.000 0.901 0.320 0.752 0.000 0.892 0.624 0.877 0.727 0.764 0.640 0.286 
0.934 0.388 0.662 0.566 0.463 0.481 0.643 0.000 0.902 0.254 0.752 0.017 0.911 0.515 0.865 0.738 0.756 0.667 0.313 
0.975 0.470 0.577 0.546 0.636 0.545 0.658 0.000 0.896 0.249 0.758 0.004 0.904 0.540 0.877 0.734 0.762 0.612 0.522 
0.939 0.281 0.618 0.241 0.481 0.593 0.930 0.000 0.897 0.270 0.753 0.005 0.910 0.603 0.882 0.738 0.766 0.588 0.181 
0.952 0.390 0.707 0.791 0.412 0.839 0.916 0.000 0.887 0.331 0.764 0.158 0.903 0.613 0.877 0.732 0.773 0.616 0.404 
0.922 0.476 0.742 0.133 0.425 0.756 0.699 0.614 0.898 0.234 0.748 0.002 0.913 0.627 0.888 0.775 0.778 0.586 0.439 
0.964 0.548 0.634 0.666 0.593 0.701 0.950 0.666 0.906 0.322 0.775 0.000 0.919 0.610 0.878 0.733 0.748 0.645 0.389 
0.945 0.457 0.640 0.071 0.596 0.708 0.812 0.000 0.910 0.296 0.744 0.001 0.899 0.549 0.873 0.759 0.744 0.644 0.411 
0.951 0.534 0.451 0.599 0.580 0.538 0.780 0.000 0.905 0.347 0.743 0.091 0.909 0.593 0.873 0.706 0.747 0.549 0.483 
0.946 0.512 0.675 0.501 0.412 0.740 0.904 0.634 0.884 0.248 0.752 0.001 0.923 0.644 0.877 0.721 0.742 0.597 0.325 
0.943 0.466 0.619 0.088 0.489 0.679 0.948 0.000 0.885 0.340 0.749 0.089 0.908 0.568 0.861 0.757 0.720 0.651 0.279 
0.946 0.560 0.610 0.100 0.269 0.745 0.801 0.000 0.888 0.309 0.762 0.008 0.899 0.547 0.865 0.801 0.743 0.680 0.395 
0.954 0.377 0.634 0.218 0.436 0.651 0.908 0.000 0.879 0.283 0.751 0.006 0.908 0.590 0.873 0.705 0.764 0.613 0.375 
0.894 0.403 0.545 0.118 0.356 0.803 0.864 0.619 0.899 0.303 0.752 0.015 0.900 0.563 0.880 0.796 0.756 0.674 0.629 
0.964 0.360 0.536 0.777 0.613 0.736 0.849 0.000 0.916 0.325 0.771 0.008 0.907 0.558 0.875 0.782 0.755 0.578 0.077 
0.944 0.523 0.640 0.597 0.518 0.627 0.895 0.000 0.885 0.257 0.757 0.001 0.894 0.588 0.880 0.729 0.766 0.572 0.262 
0.959 0.329 0.428 0.033 0.424 0.712 0.943 0.000 0.908 0.309 0.774 0.010 0.907 0.614 0.879 0.746 0.756 0.684 0.247 
0.961 0.317 0.613 0.739 0.572 0.721 0.870 0.000 0.896 0.333 0.751 0.005 0.916 0.582 0.885 0.811 0.773 0.625 0.233 
0.949 0.466 0.636 0.707 0.482 0.640 0.733 0.000 0.907 0.372 0.778 0.026 0.903 0.561 0.871 0.757 0.748 0.604 0.255 
0.926 0.507 0.540 0.000 0.545 0.570 0.885 0.000 0.893 0.282 0.747 0.061 0.898 0.556 0.873 0.764 0.770 0.572 0.195 
0.951 0.610 0.592 0.656 0.418 0.480 0.660 0.000 0.890 0.293 0.751 0.029 0.909 0.598 0.875 0.719 0.745 0.576 0.576 
0.966 0.486 0.594 0.610 0.546 0.634 0.844 0.000 0.895 0.333 0.751 0.077 0.897 0.504 0.862 0.718 0.738 0.610 0.530 
0.938 0.419 0.781 0.478 0.400 0.711 0.921 0.000 0.893 0.234 0.762 0.001 0.918 0.629 0.880 0.750 0.755 0.610 0.208 
0.962 0.488 0.553 0.676 0.527 0.673 0.940 0.000 0.866 0.295 0.743 0.000 0.898 0.614 0.885 0.775 0.752 0.628 0.455 
0.954 0.424 0.682 0.774 0.525 0.432 0.748 0.000 0.892 0.369 0.753 0.001 0.902 0.536 0.876 0.753 0.776 0.639 0.459 
0.950 0.301 0.572 0.607 0.509 0.655 0.858 0.607 0.892 0.215 0.738 0.012 0.890 0.592 0.878 0.788 0.775 0.585 0.118 
0.965 0.338 0.626 0.427 0.572 0.744 0.826 0.619 0.893 0.235 0.749 0.045 0.922 0.585 0.874 0.741 0.761 0.636 0.209 
0.972 0.352 0.618 0.829 0.731 0.508 0.843 0.665 0.890 0.391 0.746 0.126 0.904 0.597 0.878 0.759 0.758 0.698 0.370 
0.958 0.446 0.755 0.441 0.502 0.757 0.951 0.644 0.889 0.285 0.750 0.134 0.916 0.597 0.870 0.751 0.746 0.610 0.239 
0.949 0.388 0.487 0.473 0.430 0.712 0.929 0.000 0.899 0.274 0.756 0.100 0.900 0.613 0.870 0.735 0.747 0.611 0.227 
0.958 0.571 0.532 0.531 0.554 0.737 0.836 0.000 0.888 0.291 0.749 0.190 0.911 0.546 0.869 0.784 0.755 0.644 0.307 
0.968 0.412 0.531 0.462 0.501 0.720 0.793 0.000 0.894 0.201 0.764 0.016 0.916 0.600 0.874 0.767 0.759 0.647 0.194 
0.961 0.524 0.630 0.462 0.543 0.591 0.856 0.000 0.899 0.321 0.759 0.000 0.914 0.660 0.876 0.689 0.754 0.701 0.355 
0.964 0.503 0.741 0.462 0.640 0.809 0.977 0.000 0.901 0.379 0.772 0.070 0.917 0.624 0.872 0.745 0.744 0.553 0.185 
0.958 0.424 0.649 0.616 0.508 0.609 0.753 0.000 0.891 0.285 0.750 0.001 0.924 0.583 0.868 0.739 0.738 0.670 0.238 
0.952 0.570 0.808 0.587 0.533 0.814 0.935 0.000 0.890 0.276 0.764 0.170 0.907 0.628 0.883 0.706 0.745 0.657 0.467 
0.951 0.395 0.667 0.012 0.407 0.829 0.939 0.000 0.899 0.340 0.768 0.002 0.903 0.547 0.865 0.758 0.743 0.623 0.338 
0.971 0.549 0.647 0.805 0.627 0.585 0.840 0.646 0.905 0.300 0.771 0.125 0.893 0.538 0.876 0.753 0.756 0.561 0.131 
0.964 0.508 0.613 0.438 0.484 0.743 0.904 0.000 0.891 0.286 0.764 0.018 0.906 0.528 0.866 0.759 0.743 0.558 0.366 
0.955 0.338 0.384 0.067 0.621 0.705 0.841 0.000 0.907 0.340 0.762 0.008 0.872 0.512 0.866 0.787 0.732 0.616 0.234 
0.958 0.574 0.672 0.001 0.583 0.489 0.827 0.000 0.897 0.292 0.761 0.020 0.903 0.577 0.877 0.778 0.756 0.506 0.328 
0.945 0.281 0.771 0.620 0.532 0.722 0.934 0.000 0.895 0.280 0.753 0.003 0.902 0.580 0.874 0.703 0.749 0.666 0.560 
0.952 0.417 0.473 0.435 0.638 0.718 0.737 0.000 0.891 0.295 0.754 0.059 0.904 0.559 0.873 0.786 0.742 0.554 0.283 
0.934 0.479 0.731 0.727 0.492 0.788 0.795 0.655 0.893 0.308 0.756 0.004 0.901 0.563 0.867 0.712 0.755 0.642 0.453 
0.952 0.398 0.712 0.306 0.478 0.811 0.953 0.000 0.903 0.287 0.768 0.000 0.905 0.599 0.873 0.735 0.756 0.609 0.357 
0.961 0.393 0.611 0.351 0.527 0.717 0.944 0.000 0.887 0.246 0.731 0.000 0.912 0.541 0.870 0.739 0.745 0.621 0.346 
0.967 0.504 0.565 0.372 0.514 0.709 0.860 0.000 0.898 0.292 0.751 0.037 0.915 0.618 0.873 0.726 0.718 0.637 0.255 
0.950 0.647 0.616 0.642 0.400 0.598 0.946 0.000 0.896 0.268 0.763 0.015 0.896 0.526 0.866 0.760 0.741 0.616 0.224 
0.952 0.433 0.581 0.171 0.431 0.688 0.856 0.000 0.892 0.401 0.768 0.028 0.909 0.570 0.883 0.782 0.760 0.639 0.327 
0.951 0.419 0.573 0.075 0.372 0.790 0.900 0.000 0.897 0.258 0.758 0.057 0.913 0.633 0.886 0.775 0.766 0.684 0.450 
0.960 0.463 0.622 0.510 0.446 0.544 0.612 0.629 0.898 0.322 0.749 0.061 0.904 0.607 0.882 0.762 0.746 0.615 0.610 
0.947 0.344 0.430 0.142 0.748 0.643 0.810 0.000 0.900 0.306 0.771 0.000 0.910 0.577 0.878 0.731 0.768 0.594 0.279 
0.967 0.402 0.433 0.725 0.548 0.633 0.903 0.000 0.890 0.236 0.747 0.000 0.913 0.566 0.877 0.746 0.754 0.557 0.467 
0.939 0.334 0.716 0.530 0.471 0.553 0.860 0.000 0.890 0.320 0.744 0.000 0.913 0.597 0.872 0.761 0.744 0.697 0.301 
0.958 0.515 0.569 0.775 0.588 0.654 0.956 0.661 0.898 0.269 0.754 0.113 0.904 0.650 0.879 0.707 0.753 0.668 0.292 
0.973 0.417 0.522 0.704 0.729 0.656 0.906 0.000 0.901 0.290 0.752 0.000 0.913 0.573 0.867 0.740 0.732 0.674 0.361 
0.955 0.583 0.486 0.691 0.600 0.772 0.909 0.000 0.880 0.310 0.745 0.016 0.909 0.595 0.873 0.775 0.740 0.653 0.395 
0.957 0.441 0.358 0.618 0.658 0.743 0.906 0.000 0.892 0.339 0.770 0.000 0.899 0.590 0.863 0.739 0.743 0.609 0.142 
0.928 0.440 0.714 0.709 0.253 0.802 0.851 0.000 0.896 0.265 0.761 0.070 0.923 0.625 0.872 0.731 0.739 0.576 0.384 
0.965 0.503 0.701 0.535 0.615 0.705 0.764 0.000 0.898 0.293 0.772 0.070 0.908 0.602 0.865 0.751 0.740 0.638 0.374 
0.937 0.318 0.508 0.492 0.469 0.850 0.957 0.000 0.898 0.248 0.750 0.015 0.926 0.621 0.886 0.797 0.767 0.662 0.530 
0.970 0.435 0.637 0.663 0.656 0.726 0.827 0.000 0.896 0.365 0.751 0.004 0.918 0.589 0.869 0.759 0.742 0.652 0.493 
0.935 0.506 0.697 0.000 0.618 0.808 0.961 0.620 0.888 0.267 0.746 0.047 0.916 0.603 0.869 0.765 0.730 0.629 0.180 
0.973 0.470 0.555 0.707 0.638 0.627 0.704 0.637 0.901 0.206 0.749 0.025 0.918 0.586 0.865 0.774 0.722 0.645 0.395 
0.956 0.327 0.736 0.423 0.527 0.775 0.857 0.000 0.881 0.308 0.766 0.002 0.890 0.549 0.858 0.733 0.718 0.573 0.457 
0.904 0.434 0.573 0.613 0.338 0.721 0.920 0.000 0.896 0.334 0.767 0.054 0.902 0.583 0.876 0.765 0.759 0.638 0.283 
0.940 0.459 0.605 0.418 0.584 0.814 0.816 0.000 0.885 0.252 0.732 0.008 0.914 0.576 0.856 0.749 0.713 0.664 0.347 
0.960 0.441 0.676 0.431 0.469 0.623 0.895 0.000 0.907 0.323 0.766 0.032 0.918 0.605 0.871 0.740 0.741 0.606 0.410 
0.955 0.415 0.735 0.343 0.542 0.719 0.952 0.635 0.902 0.352 0.767 0.018 0.901 0.562 0.864 0.688 0.733 0.626 0.348 
0.960 0.523 0.318 0.730 0.727 0.815 0.920 0.647 0.910 0.315 0.755 0.001 0.913 0.625 0.884 0.749 0.760 0.581 0.168 
0.929 0.304 0.702 0.496 0.398 0.643 0.979 0.000 0.892 0.320 0.764 0.000 0.916 0.558 0.874 0.776 0.763 0.648 0.281 
0.969 0.418 0.650 0.732 0.690 0.778 0.977 0.000 0.904 0.325 0.764 0.002 0.917 0.534 0.868 0.755 0.775 0.687 0.329 
0.966 0.457 0.617 0.259 0.348 0.629 0.640 0.000 0.905 0.272 0.757 0.023 0.898 0.578 0.876 0.718 0.755 0.604 0.203 
0.898 0.617 0.533 0.541 0.323 0.605 0.531 0.608 0.903 0.276 0.755 0.004 0.925 0.600 0.884 0.757 0.770 0.641 0.383 
0.958 0.379 0.705 0.937 0.466 0.697 0.840 0.000 0.911 0.320 0.765 0.011 0.897 0.554 0.872 0.770 0.730 0.583 0.179 
0.977 0.486 0.612 0.842 0.641 0.805 0.919 0.000 0.890 0.258 0.746 0.000 0.894 0.588 0.870 0.757 0.744 0.540 0.272 
0.966 0.427 0.315 0.624 0.704 0.799 0.923 0.000 0.904 0.310 0.747 0.119 0.928 0.564 0.875 0.753 0.770 0.671 0.456 
0.934 0.566 0.672 0.466 0.445 0.736 0.878 0.638 0.891 0.361 0.764 0.094 0.897 0.586 0.874 0.679 0.740 0.539 0.360 
0.956 0.372 0.655 0.608 0.554 0.672 0.977 0.000 0.890 0.267 0.768 0.026 0.908 0.610 0.887 0.806 0.774 0.613 0.272 
0.968 0.450 0.714 0.531 0.621 0.816 0.903 0.663 0.898 0.227 0.753 0.001 0.909 0.644 0.885 0.743 0.761 0.660 0.456 
0.951 0.270 0.676 0.589 0.358 0.710 0.934 0.000 0.886 0.254 0.740 0.000 0.899 0.562 0.872 0.771 0.736 0.592 0.397 
0.937 0.675 0.686 0.174 0.426 0.808 0.643 0.000 0.903 0.220 0.749 0.078 0.904 0.577 0.881 0.746 0.755 0.581 0.542 
0.964 0.427 0.677 0.526 0.502 0.706 0.944 0.000 0.882 0.247 0.755 0.022 0.911 0.584 0.868 0.751 0.751 0.601 0.479 
0.962 0.425 0.808 0.672 0.625 0.653 0.658 0.979 0.888 0.327 0.755 0.000 0.902 0.603 0.880 0.790 0.751 0.685 0.506 
0.964 0.401 0.603 0.102 0.430 0.762 0.935 0.000 0.899 0.257 0.759 0.014 0.907 0.580 0.878 0.791 0.766 0.592 0.392 
0.941 0.417 0.680 0.637 0.423 0.695 0.874 0.637 0.880 0.257 0.742 0.010 0.899 0.575 0.883 0.765 0.741 0.676 0.378 
0.950 0.419 0.738 0.580 0.387 0.788 0.972 0.000 0.906 0.308 0.768 0.000 0.904 0.587 0.871 0.735 0.742 0.589 0.278 
0.951 0.534 0.511 0.000 0.508 0.756 0.970 0.603 0.901 0.319 0.759 0.003 0.910 0.569 0.875 0.770 0.752 0.568 0.192 
0.956 0.358 0.654 0.592 0.547 0.649 0.665 0.000 0.895 0.345 0.750 0.087 0.909 0.559 0.872 0.762 0.755 0.637 0.261 
0.962 0.427 0.737 0.511 0.573 0.583 0.774 0.000 0.894 0.334 0.761 0.002 0.893 0.602 0.881 0.774 0.768 0.655 0.337 
0.945 0.460 0.630 0.193 0.450 0.423 0.771 0.000 0.892 0.300 0.754 0.082 0.913 0.598 0.880 0.757 0.762 0.668 0.265 
0.944 0.376 0.656 0.529 0.573 0.788 0.916 0.000 0.886 0.362 0.744 0.017 0.917 0.608 0.878 0.755 0.745 0.624 0.353 
0.955 0.292 0.631 0.529 0.576 0.709 0.868 0.621 0.898 0.303 0.769 0.060 0.894 0.572 0.868 0.705 0.744 0.548 0.262 
0.946 0.473 0.681 0.529 0.529 0.677 0.841 0.027 0.907 0.275 0.759 0.165 0.913 0.553 0.875 0.751 0.750 0.659 0.304 
0.976 0.390 0.310 0.506 0.623 0.708 0.945 0.000 0.902 0.312 0.777 0.079 0.914 0.610 0.874 0.681 0.751 0.675 0.461 
0.963 0.408 0.738 0.499 0.619 0.760 0.899 0.000 0.907 0.307 0.765 0.100 0.896 0.597 0.879 0.768 0.752 0.617 0.460 
0.964 0.570 0.667 0.616 0.582 0.837 0.769 0.671 0.910 0.299 0.763 0.001 0.919 0.629 0.879 0.747 0.740 0.564 0.632 
0.953 0.404 0.645 0.000 0.514 0.705 0.850 0.000 0.893 0.287 0.758 0.000 0.922 0.608 0.875 0.753 0.745 0.621 0.476 
0.945 0.437 0.637 0.616 0.466 0.786 0.946 0.000 0.885 0.279 0.758 0.001 0.917 0.551 0.863 0.781 0.743 0.623 0.475 
0.932 0.518 0.470 0.027 0.250 0.725 0.829 0.000 0.874 0.282 0.744 0.059 0.919 0.618 0.872 0.747 0.735 0.653 0.335 
0.926 0.461 0.475 0.400 0.547 0.778 0.911 0.000 0.907 0.350 0.768 0.057 0.892 0.572 0.876 0.735 0.763 0.647 0.230 
0.968 0.581 0.717 0.200 0.566 0.668 0.969 0.000 0.902 0.283 0.776 0.098 0.891 0.604 0.880 0.782 0.772 0.606 0.336 
0.973 0.506 0.594 0.548 0.418 0.803 0.933 0.665 0.900 0.386 0.775 0.028 0.906 0.575 0.875 0.794 0.737 0.658 0.564 
0.962 0.581 0.811 0.723 0.733 0.625 0.730 0.000 0.887 0.233 0.741 0.000 0.915 0.611 0.880 0.740 0.747 0.622 0.608 
0.965 0.323 0.600 0.625 0.497 0.692 0.908 0.000 0.903 0.366 0.770 0.006 0.886 0.552 0.856 0.722 0.726 0.704 0.770 
0.947 0.535 0.601 0.865 0.424 0.750 0.891 0.000 0.904 0.298 0.756 0.022 0.890 0.544 0.877 0.748 0.746 0.604 0.165 
0.944 0.393 0.611 0.253 0.492 0.559 0.877 0.000 0.896 0.309 0.754 0.012 0.908 0.638 0.873 0.776 0.739 0.695 0.454 
0.960 0.402 0.612 0.403 0.399 0.618 0.965 0.621 0.913 0.404 0.782 0.056 0.899 0.553 0.875 0.746 0.753 0.572 0.273 
0.954 0.431 0.605 0.645 0.547 0.826 0.947 0.000 0.899 0.301 0.752 0.063 0.921 0.614 0.875 0.716 0.734 0.617 0.337 
0.939 0.327 0.625 0.495 0.555 0.654 0.795 0.000 0.899 0.351 0.765 0.009 0.926 0.602 0.867 0.787 0.731 0.671 0.357 
0.971 0.512 0.443 0.605 0.503 0.582 0.589 0.000 0.886 0.309 0.753 0.018 0.907 0.581 0.880 0.718 0.761 0.623 0.297 
0.938 0.411 0.504 0.552 0.455 0.560 0.872 0.000 0.896 0.330 0.765 0.000 0.914 0.577 0.880 0.762 0.763 0.639 0.484 
